quaternion:
  x: -0.04314244419812361
  y: -0.083304240105166447
  z: -0.99352948616773717
  w: 0.064017913152371708