x: -0.0065166478498485869
y: -0.0015354094969864548
z: 0.024213873217157331
w: 0.99968438227387602