x: 0.86683598424495911
y: -0.046887796879185185
z: 0.33931317758028917
w: -0.36230302019477617